 &plot nbnd=  40, nks=   151 /
            0.000000  0.000000  0.000000
  -75.604  -75.604  -41.741  -41.741  -41.724  -41.723  -41.705  -41.705   -3.525   -0.976
   -0.500    0.142    3.666    4.882    5.546    6.446    6.579    6.698    6.714    6.751
    7.410    7.776    8.105    8.135    8.686    8.992    8.997   10.489   11.964   12.044
   13.493   13.617   13.736   14.066   14.125   15.027   16.229   16.290   16.942   17.730
            0.016667  0.000000  0.000000
  -75.604  -75.604  -41.741  -41.741  -41.724  -41.723  -41.705  -41.705   -3.524   -0.975
   -0.499    0.136    3.673    4.879    5.539    6.446    6.578    6.698    6.715    6.751
    7.411    7.773    8.111    8.145    8.686    8.989    8.998   10.490   11.943   12.067
   13.484   13.616   13.736   14.067   14.117   15.029   16.210   16.301   16.951   17.747
            0.033333  0.000000  0.000000
  -75.604  -75.604  -41.741  -41.741  -41.724  -41.723  -41.705  -41.705   -3.520   -0.974
   -0.499    0.118    3.696    4.870    5.518    6.447    6.572    6.698    6.719    6.753
    7.413    7.765    8.131    8.174    8.688    8.983    9.002   10.494   11.904   12.109
   13.460   13.615   13.737   14.072   14.094   15.034   16.155   16.332   16.975   17.795
            0.050000  0.000000  0.000000
  -75.604  -75.604  -41.741  -41.741  -41.724  -41.723  -41.705  -41.705   -3.513   -0.971
   -0.498    0.088    3.734    4.855    5.485    6.448    6.565    6.697    6.724    6.756
    7.416    7.753    8.161    8.221    8.691    8.972    9.008   10.499   11.862   12.156
   13.421   13.614   13.739   14.057   14.079   15.041   16.075   16.381   17.007   17.861
            0.066667  0.000000  0.000000
  -75.604  -75.604  -41.741  -41.741  -41.724  -41.723  -41.705  -41.705   -3.503   -0.968
   -0.496    0.047    3.785    4.834    5.441    6.449    6.557    6.695    6.731    6.761
    7.421    7.740    8.199    8.283    8.696    8.957    9.017   10.507   11.820   12.206
   13.367   13.611   13.741   14.009   14.090   15.052   15.978   16.447   17.042   17.850
            0.083333  0.000000  0.000000
  -75.604  -75.604  -41.741  -41.741  -41.724  -41.723  -41.705  -41.705   -3.490   -0.964
   -0.494   -0.003    3.849    4.808    5.386    6.451    6.548    6.694    6.738    6.766
    7.427    7.726    8.244    8.359    8.702    8.939    9.028   10.516   11.779   12.256
   13.300   13.608   13.744   13.953   14.104   15.065   15.871   16.525   17.078   17.838
            0.100000  0.000000  0.000000
  -75.604  -75.603  -41.741  -41.740  -41.724  -41.723  -41.705  -41.705   -3.475   -0.959
   -0.492   -0.061    3.924    4.778    5.323    6.453    6.540    6.692    6.745    6.773
    7.435    7.714    8.294    8.446    8.710    8.917    9.042   10.525   11.740   12.308
   13.221   13.605   13.748   13.889   14.122   15.081   15.759   16.613   17.113   17.825
            0.116667  0.000000  0.000000
  -75.604  -75.604  -41.741  -41.740  -41.724  -41.723  -41.705  -41.705   -3.457   -0.954
   -0.489   -0.127    4.008    4.744    5.254    6.455    6.532    6.690    6.752    6.781
    7.444    7.703    8.347    8.539    8.722    8.892    9.059   10.536   11.703   12.360
   13.131   13.600   13.752   13.822   14.143   15.100   15.643   16.707   17.145   17.811
            0.133333  0.000000  0.000000
  -75.604  -75.604  -41.741  -41.740  -41.724  -41.723  -41.705  -41.705   -3.436   -0.949
   -0.486   -0.197    4.101    4.707    5.180    6.458    6.526    6.687    6.759    6.790
    7.454    7.695    8.402    8.629    8.746    8.863    9.077   10.546   11.667   12.413
   13.032   13.595   13.752   13.757   14.167   15.122   15.527   16.801   17.175   17.798
            0.150000  0.000000  0.000000
  -75.604  -75.604  -41.741  -41.740  -41.724  -41.723  -41.705  -41.705   -3.412   -0.945
   -0.483   -0.272    4.199    4.668    5.102    6.461    6.519    6.685    6.767    6.800
    7.466    7.689    8.460    8.689    8.805    8.833    9.099   10.555   11.634   12.466
   12.925   13.589   13.683   13.763   14.196   15.145   15.412   16.893   17.202   17.786
            0.166667  0.000000  0.000000
  -75.604  -75.604  -41.741  -41.740  -41.724  -41.723  -41.705  -41.705   -3.385   -0.943
   -0.479   -0.348    4.301    4.631    5.023    6.465    6.513    6.682    6.775    6.810
    7.479    7.685    8.517    8.716    8.800    8.902    9.122   10.563   11.603   12.520
   12.811   13.582   13.614   13.770   14.228   15.172   15.299   16.976   17.224   17.776
            0.183333  0.000000  0.000000
  -75.604  -75.604  -41.741  -41.740  -41.724  -41.723  -41.705  -41.705   -3.356   -0.943
   -0.476   -0.424    4.395    4.604    4.942    6.469    6.508    6.678    6.783    6.822
    7.494    7.685    8.575    8.732    8.765    9.012    9.148   10.569   11.574   12.574
   12.693   13.547   13.575   13.778   14.265   15.188   15.200   17.046   17.240   17.768
            0.200000  0.000000  0.000000
  -75.604  -75.604  -41.741  -41.740  -41.724  -41.723  -41.705  -41.705   -3.324   -0.950
   -0.496   -0.473    4.449    4.620    4.861    6.473    6.502    6.675    6.791    6.835
    7.509    7.688    8.632    8.729    8.747    9.124    9.177   10.573   11.548   12.572
   12.629   13.484   13.566   13.788   14.305   15.081   15.231   17.100   17.250   17.763
            0.216667  0.000000  0.000000
  -75.604  -75.604  -41.741  -41.740  -41.724  -41.723  -41.705  -41.705   -3.289   -0.965
   -0.560   -0.469    4.438    4.702    4.781    6.477    6.497    6.671    6.799    6.847
    7.526    7.695    8.688    8.691    8.761    9.207    9.235   10.573   11.525   12.448
   12.683   13.426   13.557   13.799   14.350   14.978   15.264   17.137   17.253   17.762
            0.233333  0.000000  0.000000
  -75.604  -75.604  -41.741  -41.741  -41.724  -41.723  -41.705  -41.705   -3.251   -0.995
   -0.611   -0.466    4.401    4.703    4.811    6.481    6.491    6.667    6.808    6.861
    7.545    7.707    8.653    8.741    8.775    9.240    9.342   10.570   11.506   12.325
   12.738   13.372   13.546   13.812   14.399   14.880   15.299   17.158   17.247   17.765
            0.250000  0.000000  0.000000
  -75.604  -75.604  -41.741  -41.741  -41.724  -41.723  -41.705  -41.705   -3.211   -1.041
   -0.646   -0.463    4.359    4.627    4.927    6.485    6.486    6.662    6.816    6.874
    7.565    7.723    8.613    8.789    8.791    9.275    9.442   10.564   11.489   12.204
   12.792   13.324   13.534   13.826   14.451   14.788   15.335   17.166   17.232   17.772
            0.266667  0.000000  0.000000
  -75.604  -75.604  -41.741  -41.741  -41.724  -41.723  -41.705  -41.705   -3.168   -1.103
   -0.665   -0.461    4.315    4.553    5.045    6.478    6.491    6.657    6.826    6.888
    7.586    7.745    8.572    8.804    8.838    9.313    9.532   10.552   11.476   12.087
   12.846   13.282   13.522   13.841   14.508   14.701   15.373   17.164   17.208   17.783
            0.283333  0.000000  0.000000
  -75.604  -75.604  -41.741  -41.741  -41.724  -41.723  -41.705  -41.705   -3.122   -1.176
   -0.671   -0.459    4.272    4.483    5.161    6.470    6.496    6.653    6.835    6.900
    7.608    7.773    8.531    8.820    8.881    9.352    9.609   10.537   11.466   11.977
   12.900   13.246   13.508   13.857   14.568   14.623   15.413   17.156   17.173   17.799
            0.300000  0.000000  0.000000
  -75.604  -75.604  -41.741  -41.741  -41.724  -41.723  -41.705  -41.705   -3.074   -1.258
   -0.670   -0.458    4.229    4.416    5.276    6.462    6.502    6.648    6.844    6.913
    7.632    7.808    8.490    8.836    8.920    9.393    9.671   10.517   11.460   11.876
   12.954   13.217   13.494   13.873   14.554   14.631   15.454   17.129   17.145   17.817
            0.316667  0.000000  0.000000
  -75.604  -75.604  -41.741  -41.741  -41.724  -41.724  -41.705  -41.705   -3.023   -1.344
   -0.663   -0.457    4.189    4.353    5.387    6.452    6.508    6.642    6.854    6.924
    7.657    7.851    8.448    8.852    8.954    9.436    9.712   10.492   11.456   11.787
   13.008   13.194   13.478   13.887   14.497   14.696   15.497   17.074   17.131   17.731
            0.333333  0.000000  0.000000
  -75.604  -75.604  -41.741  -41.741  -41.724  -41.724  -41.705  -41.705   -2.969   -1.433
   -0.653   -0.457    4.151    4.294    5.493    6.441    6.513    6.637    6.863    6.934
    7.683    7.902    8.407    8.868    8.984    9.481    9.732   10.463   11.456   11.713
   13.060   13.177   13.461   13.895   14.456   14.762   15.541   17.011   17.117   17.650
            0.350000  0.000000  0.000000
  -75.604  -75.604  -41.741  -41.741  -41.724  -41.724  -41.705  -41.705   -2.913   -1.522
   -0.641   -0.459    4.116    4.240    5.594    6.428    6.519    6.631    6.873    6.942
    7.710    7.963    8.365    8.885    9.009    9.528    9.728   10.429   11.459   11.653
   13.113   13.166   13.443   13.895   14.434   14.828   15.586   16.940   17.105   17.574
            0.366667  0.000000  0.000000
  -75.604  -75.604  -41.741  -41.741  -41.724  -41.724  -41.705  -41.705   -2.854   -1.613
   -0.627   -0.461    4.084    4.190    5.689    6.414    6.525    6.626    6.882    6.949
    7.739    8.032    8.323    8.901    9.030    9.576    9.700   10.392   11.464   11.610
   13.160   13.164   13.424   13.883   14.435   14.891   15.632   16.861   17.094   17.503
            0.383333  0.000000  0.000000
  -75.604  -75.604  -41.741  -41.741  -41.724  -41.724  -41.705  -41.705   -2.793   -1.702
   -0.613   -0.464    4.056    4.146    5.777    6.398    6.531    6.620    6.891    6.954
    7.769    8.110    8.282    8.917    9.046    9.626    9.649   10.351   11.471   11.580
   13.160   13.216   13.404   13.860   14.457   14.949   15.680   16.777   17.085   17.438
            0.400000  0.000000  0.000000
  -75.604  -75.604  -41.741  -41.741  -41.724  -41.724  -41.705  -41.705   -2.729   -1.792
   -0.598   -0.468    4.031    4.106    5.858    6.379    6.538    6.614    6.900    6.957
    7.800    8.198    8.241    8.932    9.058    9.578    9.677   10.307   11.479   11.561
   13.164   13.266   13.384   13.827   14.500   14.997   15.729   16.689   17.080   17.379
            0.416667  0.000000  0.000000
  -75.604  -75.604  -41.741  -41.741  -41.724  -41.724  -41.705  -41.705   -2.663   -1.880
   -0.583   -0.473    4.011    4.071    5.932    6.358    6.544    6.608    6.909    6.959
    7.831    8.200    8.293    8.945    9.066    9.492    9.729   10.260   11.489   11.550
   13.172   13.316   13.362   13.788   14.557   15.033   15.783   16.598   17.079   17.325
            0.433333  0.000000  0.000000
  -75.604  -75.604  -41.741  -41.741  -41.724  -41.724  -41.705  -41.705   -2.594   -1.966
   -0.569   -0.479    3.994    4.042    5.999    6.335    6.550    6.601    6.918    6.959
    7.864    8.160    8.396    8.955    9.071    9.394    9.782   10.211   11.498   11.545
   13.184   13.341   13.365   13.744   14.626   15.052   15.841   16.504   17.081   17.276
            0.450000  0.000000  0.000000
  -75.604  -75.604  -41.741  -41.741  -41.724  -41.724  -41.705  -41.705   -2.523   -2.052
   -0.555   -0.487    3.983    4.018    6.059    6.308    6.557    6.595    6.926    6.958
    7.898    8.121    8.504    8.960    9.074    9.292    9.836   10.159   11.508   11.542
   13.198   13.319   13.414   13.699   14.701   15.050   15.905   16.411   17.088   17.233
            0.466667  0.000000  0.000000
  -75.604  -75.604  -41.741  -41.741  -41.724  -41.724  -41.705  -41.705   -2.450   -2.135
   -0.541   -0.496    3.976    3.999    6.114    6.278    6.563    6.589    6.933    6.955
    7.933    8.082    8.616    8.951    9.076    9.195    9.890   10.107   11.517   11.539
   13.215   13.297   13.462   13.653   14.780   15.027   15.976   16.317   17.100   17.196
            0.483333  0.000000  0.000000
  -75.604  -75.604  -41.741  -41.741  -41.724  -41.724  -41.705  -41.705   -2.374   -2.217
   -0.528   -0.506    3.974    3.985    6.162    6.244    6.570    6.582    6.940    6.951
    7.969    8.043    8.728    8.913    9.079    9.123    9.945   10.053   11.525   11.536
   13.234   13.275   13.510   13.605   14.856   14.985   16.054   16.226   17.116   17.164
            0.500000  0.000000  0.000000
  -75.604  -75.604  -41.741  -41.741  -41.724  -41.724  -41.705  -41.705   -2.297   -2.297
   -0.516   -0.516    3.977    3.977    6.205    6.205    6.576    6.576    6.946    6.946
    8.006    8.006    8.833    8.833    9.089    9.089    9.999    9.999   11.531   11.531
   13.254   13.254   13.558   13.558   14.926   14.926   16.138   16.138   17.137   17.137
            0.483333  0.000000  0.000000
  -75.604  -75.604  -41.741  -41.741  -41.724  -41.724  -41.705  -41.705   -2.374   -2.217
   -0.528   -0.506    3.974    3.985    6.162    6.244    6.570    6.582    6.940    6.951
    7.969    8.043    8.728    8.913    9.079    9.123    9.945   10.053   11.525   11.536
   13.234   13.275   13.510   13.605   14.856   14.985   16.054   16.226   17.116   17.164
            0.466667  0.000000  0.000000
  -75.604  -75.604  -41.741  -41.741  -41.724  -41.724  -41.705  -41.705   -2.450   -2.135
   -0.541   -0.496    3.976    3.999    6.114    6.278    6.563    6.589    6.933    6.955
    7.933    8.082    8.616    8.951    9.076    9.195    9.890   10.107   11.517   11.539
   13.215   13.297   13.462   13.653   14.780   15.027   15.976   16.317   17.100   17.196
            0.450000  0.000000  0.000000
  -75.604  -75.604  -41.741  -41.741  -41.724  -41.724  -41.705  -41.705   -2.523   -2.052
   -0.555   -0.487    3.983    4.018    6.059    6.308    6.557    6.595    6.926    6.958
    7.898    8.121    8.504    8.960    9.074    9.292    9.836   10.159   11.508   11.542
   13.198   13.319   13.414   13.699   14.701   15.050   15.905   16.411   17.088   17.233
            0.433333  0.000000  0.000000
  -75.604  -75.604  -41.741  -41.741  -41.724  -41.724  -41.705  -41.705   -2.594   -1.966
   -0.569   -0.479    3.994    4.042    5.999    6.335    6.550    6.601    6.918    6.959
    7.864    8.160    8.396    8.955    9.071    9.394    9.782   10.211   11.498   11.545
   13.184   13.341   13.365   13.744   14.626   15.052   15.841   16.504   17.081   17.276
            0.416667  0.000000  0.000000
  -75.604  -75.604  -41.741  -41.741  -41.724  -41.724  -41.705  -41.705   -2.663   -1.880
   -0.583   -0.473    4.011    4.071    5.932    6.358    6.544    6.608    6.909    6.959
    7.831    8.200    8.293    8.945    9.066    9.492    9.729   10.260   11.489   11.550
   13.172   13.316   13.362   13.788   14.557   15.033   15.783   16.598   17.079   17.325
            0.400000  0.000000  0.000000
  -75.604  -75.604  -41.741  -41.741  -41.724  -41.724  -41.705  -41.705   -2.729   -1.792
   -0.598   -0.468    4.031    4.106    5.858    6.379    6.538    6.614    6.900    6.957
    7.800    8.198    8.241    8.932    9.058    9.578    9.677   10.307   11.479   11.561
   13.164   13.266   13.384   13.827   14.500   14.997   15.729   16.689   17.080   17.379
            0.383333  0.000000  0.000000
  -75.604  -75.604  -41.741  -41.741  -41.724  -41.724  -41.705  -41.705   -2.793   -1.702
   -0.613   -0.464    4.056    4.146    5.777    6.398    6.531    6.620    6.891    6.954
    7.769    8.110    8.282    8.917    9.046    9.626    9.649   10.351   11.471   11.580
   13.160   13.216   13.404   13.860   14.457   14.949   15.680   16.777   17.085   17.438
            0.366667  0.000000  0.000000
  -75.604  -75.604  -41.741  -41.741  -41.724  -41.724  -41.705  -41.705   -2.854   -1.613
   -0.627   -0.461    4.084    4.190    5.689    6.414    6.525    6.626    6.882    6.949
    7.739    8.032    8.323    8.901    9.030    9.576    9.700   10.392   11.464   11.610
   13.160   13.164   13.424   13.883   14.435   14.891   15.632   16.861   17.094   17.503
            0.350000  0.000000  0.000000
  -75.604  -75.604  -41.741  -41.741  -41.724  -41.724  -41.705  -41.705   -2.913   -1.522
   -0.641   -0.459    4.116    4.240    5.594    6.428    6.519    6.631    6.873    6.942
    7.710    7.963    8.365    8.885    9.009    9.528    9.728   10.429   11.459   11.653
   13.113   13.166   13.443   13.895   14.434   14.828   15.586   16.940   17.105   17.574
            0.333333  0.000000  0.000000
  -75.604  -75.604  -41.741  -41.741  -41.724  -41.724  -41.705  -41.705   -2.969   -1.433
   -0.653   -0.457    4.151    4.294    5.493    6.441    6.513    6.637    6.863    6.934
    7.683    7.902    8.407    8.868    8.984    9.481    9.732   10.463   11.456   11.713
   13.060   13.177   13.461   13.895   14.456   14.762   15.541   17.011   17.117   17.650
            0.316667  0.000000  0.000000
  -75.604  -75.604  -41.741  -41.741  -41.724  -41.724  -41.705  -41.705   -3.023   -1.344
   -0.663   -0.457    4.189    4.353    5.387    6.452    6.508    6.642    6.854    6.924
    7.657    7.851    8.448    8.852    8.954    9.436    9.712   10.492   11.456   11.787
   13.008   13.194   13.478   13.887   14.497   14.696   15.497   17.074   17.131   17.731
            0.300000  0.000000  0.000000
  -75.604  -75.604  -41.741  -41.741  -41.724  -41.723  -41.705  -41.705   -3.074   -1.258
   -0.670   -0.458    4.229    4.416    5.276    6.462    6.502    6.648    6.844    6.913
    7.632    7.808    8.490    8.836    8.920    9.393    9.671   10.517   11.460   11.876
   12.954   13.217   13.494   13.873   14.554   14.631   15.454   17.129   17.145   17.817
            0.283333  0.000000  0.000000
  -75.604  -75.604  -41.741  -41.741  -41.724  -41.723  -41.705  -41.705   -3.122   -1.176
   -0.671   -0.459    4.272    4.483    5.161    6.470    6.496    6.653    6.835    6.900
    7.608    7.773    8.531    8.820    8.881    9.352    9.609   10.537   11.466   11.977
   12.900   13.246   13.508   13.857   14.568   14.623   15.413   17.156   17.173   17.799
            0.266667  0.000000  0.000000
  -75.604  -75.604  -41.741  -41.741  -41.724  -41.723  -41.705  -41.705   -3.168   -1.103
   -0.665   -0.461    4.315    4.553    5.045    6.478    6.491    6.657    6.826    6.888
    7.586    7.745    8.572    8.804    8.838    9.313    9.532   10.552   11.476   12.087
   12.846   13.282   13.522   13.841   14.508   14.701   15.373   17.164   17.208   17.783
            0.250000  0.000000  0.000000
  -75.604  -75.604  -41.741  -41.741  -41.724  -41.723  -41.705  -41.705   -3.211   -1.041
   -0.646   -0.463    4.359    4.627    4.927    6.485    6.486    6.662    6.816    6.874
    7.565    7.723    8.613    8.789    8.791    9.275    9.442   10.564   11.489   12.204
   12.792   13.324   13.534   13.826   14.451   14.788   15.335   17.166   17.232   17.772
            0.233333  0.000000  0.000000
  -75.604  -75.604  -41.741  -41.741  -41.724  -41.723  -41.705  -41.705   -3.251   -0.995
   -0.611   -0.466    4.401    4.703    4.811    6.481    6.491    6.667    6.808    6.861
    7.545    7.707    8.653    8.741    8.775    9.240    9.342   10.570   11.506   12.325
   12.738   13.372   13.546   13.812   14.399   14.880   15.299   17.158   17.247   17.765
            0.216667  0.000000  0.000000
  -75.604  -75.604  -41.741  -41.740  -41.724  -41.723  -41.705  -41.705   -3.289   -0.965
   -0.560   -0.469    4.438    4.702    4.781    6.477    6.497    6.671    6.799    6.847
    7.526    7.695    8.688    8.691    8.761    9.207    9.235   10.573   11.525   12.448
   12.683   13.426   13.557   13.799   14.350   14.978   15.264   17.137   17.253   17.762
            0.200000  0.000000  0.000000
  -75.604  -75.604  -41.741  -41.740  -41.724  -41.723  -41.705  -41.705   -3.324   -0.950
   -0.496   -0.473    4.449    4.620    4.861    6.473    6.502    6.675    6.791    6.835
    7.509    7.688    8.632    8.729    8.747    9.124    9.177   10.573   11.548   12.572
   12.629   13.484   13.566   13.788   14.305   15.081   15.231   17.100   17.250   17.763
            0.183333  0.000000  0.000000
  -75.604  -75.604  -41.741  -41.740  -41.724  -41.723  -41.705  -41.705   -3.356   -0.943
   -0.476   -0.424    4.395    4.604    4.942    6.469    6.508    6.678    6.783    6.822
    7.494    7.685    8.575    8.732    8.765    9.012    9.148   10.569   11.574   12.574
   12.693   13.547   13.575   13.778   14.265   15.188   15.200   17.046   17.240   17.768
            0.166667  0.000000  0.000000
  -75.604  -75.604  -41.741  -41.740  -41.724  -41.723  -41.705  -41.705   -3.385   -0.943
   -0.479   -0.348    4.301    4.631    5.023    6.465    6.513    6.682    6.775    6.810
    7.479    7.685    8.517    8.716    8.800    8.902    9.122   10.563   11.603   12.520
   12.811   13.582   13.614   13.770   14.228   15.172   15.299   16.976   17.224   17.776
            0.150000  0.000000  0.000000
  -75.604  -75.604  -41.741  -41.740  -41.724  -41.723  -41.705  -41.705   -3.412   -0.945
   -0.483   -0.272    4.199    4.668    5.102    6.461    6.519    6.685    6.767    6.800
    7.466    7.689    8.460    8.689    8.805    8.833    9.099   10.555   11.634   12.466
   12.925   13.589   13.683   13.763   14.196   15.145   15.412   16.893   17.202   17.786
            0.133333  0.000000  0.000000
  -75.604  -75.604  -41.741  -41.740  -41.724  -41.723  -41.705  -41.705   -3.436   -0.949
   -0.486   -0.197    4.101    4.707    5.180    6.458    6.526    6.687    6.759    6.790
    7.454    7.695    8.402    8.629    8.746    8.863    9.077   10.546   11.667   12.413
   13.032   13.595   13.752   13.757   14.167   15.122   15.527   16.801   17.175   17.798
            0.116667  0.000000  0.000000
  -75.604  -75.604  -41.741  -41.740  -41.724  -41.723  -41.705  -41.705   -3.457   -0.954
   -0.489   -0.127    4.008    4.744    5.254    6.455    6.532    6.690    6.752    6.781
    7.444    7.703    8.347    8.539    8.722    8.892    9.059   10.536   11.703   12.360
   13.131   13.600   13.752   13.822   14.143   15.100   15.643   16.707   17.145   17.811
            0.100000  0.000000  0.000000
  -75.604  -75.603  -41.741  -41.740  -41.724  -41.723  -41.705  -41.705   -3.475   -0.959
   -0.492   -0.061    3.924    4.778    5.323    6.453    6.540    6.692    6.745    6.773
    7.435    7.714    8.294    8.446    8.710    8.917    9.042   10.525   11.740   12.308
   13.221   13.605   13.748   13.889   14.122   15.081   15.759   16.613   17.113   17.825
            0.083333  0.000000  0.000000
  -75.604  -75.604  -41.741  -41.741  -41.724  -41.723  -41.705  -41.705   -3.490   -0.964
   -0.494   -0.003    3.849    4.808    5.386    6.451    6.548    6.694    6.738    6.766
    7.427    7.726    8.244    8.359    8.702    8.939    9.028   10.516   11.779   12.256
   13.300   13.608   13.744   13.953   14.104   15.065   15.871   16.525   17.078   17.838
            0.066667  0.000000  0.000000
  -75.604  -75.604  -41.741  -41.741  -41.724  -41.723  -41.705  -41.705   -3.503   -0.968
   -0.496    0.047    3.785    4.834    5.441    6.449    6.557    6.695    6.731    6.761
    7.421    7.740    8.199    8.283    8.696    8.957    9.017   10.507   11.820   12.206
   13.367   13.611   13.741   14.009   14.090   15.052   15.978   16.447   17.042   17.850
            0.050000  0.000000  0.000000
  -75.604  -75.604  -41.741  -41.741  -41.724  -41.723  -41.705  -41.705   -3.513   -0.971
   -0.498    0.088    3.734    4.855    5.485    6.448    6.565    6.697    6.724    6.756
    7.416    7.753    8.161    8.221    8.691    8.972    9.008   10.499   11.862   12.156
   13.421   13.614   13.739   14.057   14.079   15.041   16.075   16.381   17.007   17.861
            0.033333  0.000000  0.000000
  -75.604  -75.604  -41.741  -41.741  -41.724  -41.723  -41.705  -41.705   -3.520   -0.974
   -0.499    0.118    3.696    4.870    5.518    6.447    6.572    6.698    6.719    6.753
    7.413    7.765    8.131    8.174    8.688    8.983    9.002   10.494   11.904   12.109
   13.460   13.615   13.737   14.072   14.094   15.034   16.155   16.332   16.975   17.795
            0.016667  0.000000  0.000000
  -75.604  -75.604  -41.741  -41.741  -41.724  -41.723  -41.705  -41.705   -3.524   -0.975
   -0.499    0.136    3.673    4.879    5.539    6.446    6.578    6.698    6.715    6.751
    7.411    7.773    8.111    8.145    8.686    8.989    8.998   10.490   11.943   12.067
   13.484   13.616   13.736   14.067   14.117   15.029   16.210   16.301   16.951   17.747
            0.000000  0.000000  0.000000
  -75.604  -75.604  -41.741  -41.741  -41.724  -41.723  -41.705  -41.705   -3.525   -0.976
   -0.500    0.142    3.666    4.882    5.546    6.446    6.579    6.698    6.714    6.751
    7.410    7.776    8.105    8.135    8.686    8.992    8.997   10.489   11.964   12.044
   13.493   13.617   13.736   14.066   14.125   15.027   16.229   16.290   16.942   17.730
            0.000000  0.014012  0.000000
  -75.604  -75.604  -41.741  -41.741  -41.724  -41.723  -41.705  -41.705   -3.524   -0.985
   -0.492    0.142    3.667    4.883    5.544    6.446    6.580    6.697    6.712    6.753
    7.412    7.763    8.105    8.151    8.685    8.992    8.996   10.487   11.960   12.043
   13.492   13.617   13.725   14.067   14.125   15.040   16.231   16.292   16.946   17.719
            0.000000  0.028025  0.000000
  -75.604  -75.604  -41.741  -41.741  -41.724  -41.723  -41.705  -41.705   -3.522   -1.011
   -0.469    0.143    3.670    4.885    5.541    6.446    6.582    6.695    6.705    6.759
    7.417    7.729    8.105    8.193    8.682    8.993    8.994   10.482   11.950   12.038
   13.492   13.620   13.696   14.072   14.124   15.075   16.237   16.299   16.959   17.691
            0.000000  0.042037  0.000000
  -75.604  -75.604  -41.741  -41.741  -41.724  -41.723  -41.705  -41.705   -3.517   -1.050
   -0.436    0.145    3.675    4.889    5.534    6.446    6.586    6.691    6.695    6.769
    7.426    7.684    8.106    8.250    8.677    8.989    8.997   10.472   11.932   12.030
   13.491   13.624   13.650   14.079   14.124   15.130   16.246   16.310   16.978   17.651
            0.000000  0.056049  0.000000
  -75.604  -75.604  -41.741  -41.741  -41.724  -41.723  -41.705  -41.705   -3.510   -1.099
   -0.396    0.147    3.682    4.895    5.525    6.446    6.591    6.680    6.686    6.784
    7.438    7.635    8.107    8.315    8.670    8.983    9.001   10.460   11.907   12.018
   13.490   13.594   13.630   14.089   14.123   15.200   16.259   16.324   17.003   17.604
            0.000000  0.070062  0.000000
  -75.604  -75.604  -41.741  -41.741  -41.724  -41.723  -41.705  -41.705   -3.502   -1.153
   -0.352    0.149    3.691    4.902    5.513    6.446    6.598    6.662    6.679    6.802
    7.452    7.586    8.108    8.384    8.662    8.976    9.007   10.443   11.874   12.004
   13.488   13.531   13.638   14.101   14.121   15.281   16.276   16.343   17.029   17.554
            0.000000  0.084074  0.000000
  -75.604  -75.604  -41.741  -41.741  -41.724  -41.723  -41.705  -41.705   -3.492   -1.212
   -0.307    0.152    3.702    4.911    5.498    6.445    6.606    6.638    6.671    6.823
    7.470    7.540    8.110    8.454    8.653    8.967    9.013   10.424   11.835   11.987
   13.466   13.486   13.646   14.116   14.120   15.371   16.297   16.366   17.051   17.507
            0.000000  0.098086  0.000000
  -75.604  -75.604  -41.741  -41.741  -41.724  -41.723  -41.705  -41.705   -3.480   -1.274
   -0.261    0.156    3.715    4.922    5.481    6.445    6.611    6.616    6.662    6.848
    7.491    7.497    8.113    8.519    8.648    8.956    9.021   10.401   11.789   11.967
   13.401   13.484   13.657   14.118   14.134   15.467   16.321   16.393   17.060   17.469
            0.000000  0.112098  0.000000
  -75.604  -75.603  -41.741  -41.741  -41.724  -41.723  -41.705  -41.705   -3.466   -1.338
   -0.216    0.160    3.730    4.935    5.461    6.445    6.580    6.628    6.653    6.876
    7.458    7.513    8.116    8.563    8.661    8.944    9.030   10.375   11.736   11.945
   13.339   13.481   13.668   14.116   14.154   15.567   16.349   16.423   17.048   17.451
            0.000000  0.126111  0.000000
  -75.604  -75.603  -41.741  -41.741  -41.724  -41.723  -41.705  -41.705   -3.450   -1.403
   -0.171    0.164    3.747    4.950    5.438    6.445    6.546    6.642    6.643    6.906
    7.424    7.539    8.120    8.569    8.709    8.930    9.040   10.347   11.678   11.920
   13.281   13.478   13.680   14.114   14.176   15.670   16.380   16.457   17.009   17.457
            0.000000  0.140123  0.000000
  -75.604  -75.603  -41.741  -41.741  -41.724  -41.723  -41.705  -41.705   -3.432   -1.469
   -0.128    0.169    3.765    4.966    5.412    6.445    6.508    6.633    6.657    6.939
    7.394    7.566    8.125    8.556    8.771    8.914    9.052   10.316   11.615   11.893
   13.229   13.475   13.693   14.111   14.200   15.775   16.415   16.493   16.948   17.481
            0.000000  0.154135  0.000000
  -75.604  -75.603  -41.741  -41.741  -41.724  -41.723  -41.705  -41.705   -3.413   -1.536
   -0.087    0.174    3.786    4.985    5.383    6.445    6.468    6.622    6.674    6.974
    7.368    7.595    8.131    8.536    8.836    8.897    9.065   10.284   11.547   11.864
   13.183   13.471   13.707   14.108   14.226   15.880   16.453   16.533   16.873   17.517
            0.000000  0.168148  0.000000
  -75.604  -75.603  -41.741  -41.741  -41.724  -41.723  -41.705  -41.705   -3.392   -1.603
   -0.048    0.180    3.808    5.007    5.351    6.426    6.444    6.612    6.693    7.011
    7.345    7.625    8.138    8.512    8.878    8.898    9.078   10.249   11.478   11.833
   13.143   13.467   13.722   14.105   14.254   15.985   16.494   16.576   16.792   17.559
            0.000000  0.182160  0.000000
  -75.604  -75.604  -41.741  -41.741  -41.724  -41.724  -41.705  -41.705   -3.368   -1.670
   -0.011    0.186    3.832    5.030    5.317    6.383    6.444    6.601    6.714    7.049
    7.326    7.658    8.147    8.485    8.858    8.956    9.093   10.212   11.407   11.800
   13.109   13.462   13.737   14.101   14.283   16.087   16.539   16.621   16.709   17.605
            0.000000  0.196172  0.000000
  -75.604  -75.603  -41.741  -41.741  -41.724  -41.723  -41.705  -41.705   -3.344   -1.737
    0.024    0.192    3.857    5.056    5.279    6.339    6.444    6.591    6.736    7.089
    7.310    7.691    8.158    8.455    8.836    9.009    9.110   10.174   11.337   11.766
   13.082   13.457   13.753   14.097   14.315   16.180   16.586   16.633   16.669   17.653
            0.000000  0.210185  0.000000
  -75.604  -75.603  -41.741  -41.740  -41.724  -41.723  -41.705  -41.705   -3.317   -1.804
    0.056    0.198    3.885    5.083    5.240    6.294    6.445    6.580    6.759    7.129
    7.296    7.726    8.170    8.423    8.813    9.055    9.127   10.135   11.270   11.730
   13.061   13.450   13.768   14.093   14.348   16.248   16.580   16.637   16.718   17.704
            0.000000  0.224197  0.000000
  -75.604  -75.604  -41.741  -41.741  -41.724  -41.724  -41.705  -41.705   -3.288   -1.871
    0.086    0.205    3.914    5.113    5.197    6.250    6.445    6.570    6.784    7.171
    7.284    7.762    8.185    8.389    8.788    9.094    9.146   10.095   11.206   11.694
   13.046   13.443   13.784   14.088   14.384   16.258   16.585   16.690   16.770   17.757
            0.000000  0.238209  0.000000
  -75.604  -75.604  -41.741  -41.741  -41.724  -41.724  -41.705  -41.705   -3.258   -1.937
    0.114    0.211    3.945    5.145    5.153    6.206    6.445    6.560    6.811    7.212
    7.273    7.799    8.203    8.353    8.762    9.124    9.166   10.054   11.148   11.656
   13.036   13.435   13.800   14.083   14.421   16.208   16.651   16.747   16.823   17.814
            0.000000  0.252222  0.000000
  -75.604  -75.604  -41.741  -41.741  -41.724  -41.724  -41.705  -41.705   -3.226   -2.003
    0.139    0.218    3.977    5.106    5.178    6.162    6.446    6.551    6.838    7.254
    7.264    7.837    8.224    8.314    8.735    9.144    9.187   10.013   11.098   11.617
   13.031   13.425   13.816   14.078   14.460   16.130   16.743   16.805   16.878   17.874
            0.000000  0.266234  0.000000
  -75.604  -75.604  -41.741  -41.741  -41.724  -41.724  -41.705  -41.705   -3.193   -2.067
    0.161    0.224    4.011    5.058    5.213    6.118    6.446    6.542    6.866    7.256
    7.296    7.875    8.247    8.274    8.706    9.155    9.209    9.971   11.056   11.578
   13.031   13.415   13.831   14.072   14.502   16.043   16.845   16.866   16.934   17.938
            0.000000  0.280246  0.000000
  -75.604  -75.604  -41.741  -41.741  -41.724  -41.724  -41.705  -41.705   -3.157   -2.131
    0.181    0.231    4.047    5.008    5.249    6.075    6.447    6.533    6.895    7.248
    7.338    7.915    8.232    8.275    8.676    9.154    9.233    9.929   11.024   11.538
   13.035   13.402   13.847   14.066   14.545   15.952   16.930   16.949   16.991   18.008
            0.000000  0.294259  0.000000
  -75.604  -75.604  -41.741  -41.741  -41.724  -41.724  -41.705  -41.705   -3.120   -2.195
    0.199    0.237    4.084    4.957    5.287    6.032    6.448    6.525    6.925    7.241
    7.379    7.954    8.189    8.305    8.645    9.143    9.257    9.887   11.001   11.498
   13.042   13.389   13.862   14.059   14.591   15.861   16.995   17.050   17.053   18.084
            0.000000  0.308271  0.000000
  -75.604  -75.604  -41.741  -41.741  -41.724  -41.724  -41.705  -41.705   -3.081   -2.257
    0.215    0.243    4.123    4.906    5.326    5.990    6.450    6.517    6.954    7.233
    7.421    7.995    8.144    8.340    8.612    9.122    9.283    9.845   10.989   11.457
   13.053   13.374   13.877   14.052   14.639   15.770   17.063   17.110   17.154   18.165
            0.000000  0.322283  0.000000
  -75.604  -75.604  -41.741  -41.741  -41.724  -41.724  -41.705  -41.705   -3.041   -2.318
    0.228    0.249    4.164    4.853    5.366    5.948    6.451    6.510    6.983    7.226
    7.462    8.035    8.098    8.378    8.579    9.092    9.311    9.804   10.985   11.416
   13.066   13.358   13.891   14.045   14.690   15.681   17.131   17.170   17.250   18.155
            0.000000  0.336295  0.000000
  -75.604  -75.604  -41.741  -41.741  -41.724  -41.724  -41.705  -41.705   -2.999   -2.378
    0.239    0.254    4.206    4.800    5.406    5.906    6.453    6.503    7.011    7.218
    7.503    8.051    8.076    8.420    8.544    9.053    9.339    9.763   10.990   11.375
   13.083   13.340   13.905   14.037   14.743   15.593   17.201   17.232   17.340   18.075
            0.000000  0.350308  0.000000
  -75.604  -75.604  -41.741  -41.741  -41.724  -41.724  -41.705  -41.705   -2.955   -2.437
    0.249    0.259    4.249    4.747    5.447    5.865    6.455    6.496    7.038    7.209
    7.545    8.003    8.116    8.465    8.509    9.008    9.368    9.723   11.003   11.334
   13.101   13.321   13.919   14.029   14.798   15.508   17.271   17.295   17.421   17.997
            0.000000  0.364320  0.000000
  -75.604  -75.604  -41.741  -41.741  -41.724  -41.724  -41.705  -41.705   -2.910   -2.495
    0.256    0.263    4.294    4.694    5.489    5.823    6.458    6.490    7.063    7.199
    7.587    7.955    8.157    8.472    8.514    8.958    9.399    9.683   11.022   11.294
   13.121   13.301   13.932   14.020   14.857   15.425   17.340   17.360   17.490   17.920
            0.000000  0.378332  0.000000
  -75.604  -75.604  -41.741  -41.741  -41.724  -41.724  -41.705  -41.705   -2.863   -2.552
    0.262    0.266    4.341    4.641    5.530    5.781    6.460    6.485    7.087    7.189
    7.630    7.907    8.198    8.435    8.566    8.905    9.431    9.644   11.046   11.254
   13.143   13.280   13.945   14.011   14.918   15.344   17.406   17.425   17.544   17.845
            0.000000  0.392345  0.000000
  -75.604  -75.604  -41.741  -41.741  -41.724  -41.724  -41.705  -41.705   -2.815   -2.607
    0.266    0.268    4.388    4.589    5.572    5.740    6.463    6.480    7.109    7.176
    7.674    7.859    8.239    8.397    8.620    8.848    9.464    9.606   11.074   11.215
   13.165   13.258   13.957   14.001   14.982   15.266   17.468   17.492   17.576   17.771
            0.000000  0.406357  0.000000
  -75.604  -75.604  -41.741  -41.741  -41.724  -41.724  -41.705  -41.705   -2.765   -2.661
    0.268    0.269    4.437    4.538    5.614    5.698    6.467    6.475    7.129    7.162
    7.719    7.812    8.279    8.358    8.676    8.791    9.498    9.569   11.106   11.176
   13.188   13.235   13.969   13.991   15.049   15.191   17.522   17.559   17.581   17.699
            0.000000  0.420369  0.000000
  -75.604  -75.604  -41.741  -41.741  -41.724  -41.724  -41.705  -41.705   -2.714   -2.714
    0.269    0.269    4.487    4.487    5.656    5.656    6.471    6.471    7.146    7.146
    7.765    7.765    8.319    8.319    8.733    8.733    9.533    9.533   11.140   11.140
   13.212   13.212   13.980   13.980   15.118   15.118   17.562   17.562   17.629   17.629
            0.000000  0.406357  0.000000
  -75.604  -75.604  -41.741  -41.741  -41.724  -41.724  -41.705  -41.705   -2.765   -2.661
    0.268    0.269    4.437    4.538    5.614    5.698    6.467    6.475    7.129    7.162
    7.719    7.812    8.279    8.358    8.676    8.791    9.498    9.569   11.106   11.176
   13.188   13.235   13.969   13.991   15.049   15.191   17.522   17.559   17.581   17.699
            0.000000  0.392345  0.000000
  -75.604  -75.604  -41.741  -41.741  -41.724  -41.724  -41.705  -41.705   -2.815   -2.607
    0.266    0.268    4.388    4.589    5.572    5.740    6.463    6.480    7.109    7.176
    7.674    7.859    8.239    8.397    8.620    8.848    9.464    9.606   11.074   11.215
   13.165   13.258   13.957   14.001   14.982   15.266   17.468   17.492   17.576   17.771
            0.000000  0.378332  0.000000
  -75.604  -75.604  -41.741  -41.741  -41.724  -41.724  -41.705  -41.705   -2.863   -2.552
    0.262    0.266    4.341    4.641    5.530    5.781    6.460    6.485    7.087    7.189
    7.630    7.907    8.198    8.435    8.566    8.905    9.431    9.644   11.046   11.254
   13.143   13.280   13.945   14.011   14.918   15.344   17.406   17.425   17.544   17.845
            0.000000  0.364320  0.000000
  -75.604  -75.604  -41.741  -41.741  -41.724  -41.724  -41.705  -41.705   -2.910   -2.495
    0.256    0.263    4.294    4.694    5.489    5.823    6.458    6.490    7.063    7.199
    7.587    7.955    8.157    8.472    8.514    8.958    9.399    9.683   11.022   11.294
   13.121   13.301   13.932   14.020   14.857   15.425   17.340   17.360   17.490   17.920
            0.000000  0.350308  0.000000
  -75.604  -75.604  -41.741  -41.741  -41.724  -41.724  -41.705  -41.705   -2.955   -2.437
    0.249    0.259    4.249    4.747    5.447    5.865    6.455    6.496    7.038    7.209
    7.545    8.003    8.116    8.465    8.509    9.008    9.368    9.723   11.003   11.334
   13.101   13.321   13.919   14.029   14.798   15.508   17.271   17.295   17.421   17.997
            0.000000  0.336295  0.000000
  -75.604  -75.604  -41.741  -41.741  -41.724  -41.724  -41.705  -41.705   -2.999   -2.378
    0.239    0.254    4.206    4.800    5.406    5.906    6.453    6.503    7.011    7.218
    7.503    8.051    8.076    8.420    8.544    9.053    9.339    9.763   10.990   11.375
   13.083   13.340   13.905   14.037   14.743   15.593   17.201   17.232   17.340   18.075
            0.000000  0.322283  0.000000
  -75.604  -75.604  -41.741  -41.741  -41.724  -41.724  -41.705  -41.705   -3.041   -2.318
    0.228    0.249    4.164    4.853    5.366    5.948    6.451    6.510    6.983    7.226
    7.462    8.035    8.098    8.378    8.579    9.092    9.311    9.804   10.985   11.416
   13.066   13.358   13.891   14.045   14.690   15.681   17.131   17.170   17.250   18.155
            0.000000  0.308271  0.000000
  -75.604  -75.604  -41.741  -41.741  -41.724  -41.724  -41.705  -41.705   -3.081   -2.257
    0.215    0.243    4.123    4.906    5.326    5.990    6.450    6.517    6.954    7.233
    7.421    7.995    8.144    8.340    8.612    9.122    9.283    9.845   10.989   11.457
   13.053   13.374   13.877   14.052   14.639   15.770   17.063   17.110   17.154   18.165
            0.000000  0.294259  0.000000
  -75.604  -75.604  -41.741  -41.741  -41.724  -41.724  -41.705  -41.705   -3.120   -2.195
    0.199    0.237    4.084    4.957    5.287    6.032    6.448    6.525    6.925    7.241
    7.379    7.954    8.189    8.305    8.645    9.143    9.257    9.887   11.001   11.498
   13.042   13.389   13.862   14.059   14.591   15.861   16.995   17.050   17.053   18.084
            0.000000  0.280246  0.000000
  -75.604  -75.604  -41.741  -41.741  -41.724  -41.724  -41.705  -41.705   -3.157   -2.131
    0.181    0.231    4.047    5.008    5.249    6.075    6.447    6.533    6.895    7.248
    7.338    7.915    8.232    8.275    8.676    9.154    9.233    9.929   11.024   11.538
   13.035   13.402   13.847   14.066   14.545   15.952   16.930   16.949   16.991   18.008
            0.000000  0.266234  0.000000
  -75.604  -75.604  -41.741  -41.741  -41.724  -41.724  -41.705  -41.705   -3.193   -2.067
    0.161    0.224    4.011    5.058    5.213    6.118    6.446    6.542    6.866    7.256
    7.296    7.875    8.247    8.274    8.706    9.155    9.209    9.971   11.056   11.578
   13.031   13.415   13.831   14.072   14.502   16.043   16.845   16.866   16.934   17.938
            0.000000  0.252222  0.000000
  -75.604  -75.604  -41.741  -41.741  -41.724  -41.724  -41.705  -41.705   -3.226   -2.003
    0.139    0.218    3.977    5.106    5.178    6.162    6.446    6.551    6.838    7.254
    7.264    7.837    8.224    8.314    8.735    9.144    9.187   10.013   11.098   11.617
   13.031   13.425   13.816   14.078   14.460   16.130   16.743   16.805   16.878   17.874
            0.000000  0.238209  0.000000
  -75.604  -75.604  -41.741  -41.741  -41.724  -41.724  -41.705  -41.705   -3.258   -1.937
    0.114    0.211    3.945    5.145    5.153    6.206    6.445    6.560    6.811    7.212
    7.273    7.799    8.203    8.353    8.762    9.124    9.166   10.054   11.148   11.656
   13.036   13.435   13.800   14.083   14.421   16.208   16.651   16.747   16.823   17.814
            0.000000  0.224197  0.000000
  -75.604  -75.604  -41.741  -41.741  -41.724  -41.724  -41.705  -41.705   -3.288   -1.871
    0.086    0.205    3.914    5.113    5.197    6.250    6.445    6.570    6.784    7.171
    7.284    7.762    8.185    8.389    8.788    9.094    9.146   10.095   11.206   11.694
   13.046   13.443   13.784   14.088   14.384   16.258   16.585   16.690   16.770   17.757
            0.000000  0.210185  0.000000
  -75.604  -75.603  -41.741  -41.740  -41.724  -41.723  -41.705  -41.705   -3.317   -1.804
    0.056    0.198    3.885    5.083    5.240    6.294    6.445    6.580    6.759    7.129
    7.296    7.726    8.170    8.423    8.813    9.055    9.127   10.135   11.270   11.730
   13.061   13.450   13.768   14.093   14.348   16.248   16.580   16.637   16.718   17.704
            0.000000  0.196172  0.000000
  -75.604  -75.603  -41.741  -41.741  -41.724  -41.723  -41.705  -41.705   -3.344   -1.737
    0.024    0.192    3.857    5.056    5.279    6.339    6.444    6.591    6.736    7.089
    7.310    7.691    8.158    8.455    8.836    9.009    9.110   10.174   11.337   11.766
   13.082   13.457   13.753   14.097   14.315   16.180   16.586   16.633   16.669   17.653
            0.000000  0.182160  0.000000
  -75.604  -75.604  -41.741  -41.741  -41.724  -41.724  -41.705  -41.705   -3.368   -1.670
   -0.011    0.186    3.832    5.030    5.317    6.383    6.444    6.601    6.714    7.049
    7.326    7.658    8.147    8.485    8.858    8.956    9.093   10.212   11.407   11.800
   13.109   13.462   13.737   14.101   14.283   16.087   16.539   16.621   16.709   17.605
            0.000000  0.168148  0.000000
  -75.604  -75.603  -41.741  -41.741  -41.724  -41.723  -41.705  -41.705   -3.392   -1.603
   -0.048    0.180    3.808    5.007    5.351    6.426    6.444    6.612    6.693    7.011
    7.345    7.625    8.138    8.512    8.878    8.898    9.078   10.249   11.478   11.833
   13.143   13.467   13.722   14.105   14.254   15.985   16.494   16.576   16.792   17.559
            0.000000  0.154135  0.000000
  -75.604  -75.603  -41.741  -41.741  -41.724  -41.723  -41.705  -41.705   -3.413   -1.536
   -0.087    0.174    3.786    4.985    5.383    6.445    6.468    6.622    6.674    6.974
    7.368    7.595    8.131    8.536    8.836    8.897    9.065   10.284   11.547   11.864
   13.183   13.471   13.707   14.108   14.226   15.880   16.453   16.533   16.873   17.517
            0.000000  0.140123  0.000000
  -75.604  -75.603  -41.741  -41.741  -41.724  -41.723  -41.705  -41.705   -3.432   -1.469
   -0.128    0.169    3.765    4.966    5.412    6.445    6.508    6.633    6.657    6.939
    7.394    7.566    8.125    8.556    8.771    8.914    9.052   10.316   11.615   11.893
   13.229   13.475   13.693   14.111   14.200   15.775   16.415   16.493   16.948   17.481
            0.000000  0.126111  0.000000
  -75.604  -75.603  -41.741  -41.741  -41.724  -41.723  -41.705  -41.705   -3.450   -1.403
   -0.171    0.164    3.747    4.950    5.438    6.445    6.546    6.642    6.643    6.906
    7.424    7.539    8.120    8.569    8.709    8.930    9.040   10.347   11.678   11.920
   13.281   13.478   13.680   14.114   14.176   15.670   16.380   16.457   17.009   17.457
            0.000000  0.112098  0.000000
  -75.604  -75.603  -41.741  -41.741  -41.724  -41.723  -41.705  -41.705   -3.466   -1.338
   -0.216    0.160    3.730    4.935    5.461    6.445    6.580    6.628    6.653    6.876
    7.458    7.513    8.116    8.563    8.661    8.944    9.030   10.375   11.736   11.945
   13.339   13.481   13.668   14.116   14.154   15.567   16.349   16.423   17.048   17.451
            0.000000  0.098086  0.000000
  -75.604  -75.604  -41.741  -41.741  -41.724  -41.723  -41.705  -41.705   -3.480   -1.274
   -0.261    0.156    3.715    4.922    5.481    6.445    6.611    6.616    6.662    6.848
    7.491    7.497    8.113    8.519    8.648    8.956    9.021   10.401   11.789   11.967
   13.401   13.484   13.657   14.118   14.134   15.467   16.321   16.393   17.060   17.469
            0.000000  0.084074  0.000000
  -75.604  -75.604  -41.741  -41.741  -41.724  -41.723  -41.705  -41.705   -3.492   -1.212
   -0.307    0.152    3.702    4.911    5.498    6.445    6.606    6.638    6.671    6.823
    7.470    7.540    8.110    8.454    8.653    8.967    9.013   10.424   11.835   11.987
   13.466   13.486   13.646   14.116   14.120   15.371   16.297   16.366   17.051   17.507
            0.000000  0.070062  0.000000
  -75.604  -75.604  -41.741  -41.741  -41.724  -41.723  -41.705  -41.705   -3.502   -1.153
   -0.352    0.149    3.691    4.902    5.513    6.446    6.598    6.662    6.679    6.802
    7.452    7.586    8.108    8.384    8.662    8.976    9.007   10.443   11.874   12.004
   13.488   13.531   13.638   14.101   14.121   15.281   16.276   16.343   17.029   17.554
            0.000000  0.056049  0.000000
  -75.604  -75.604  -41.741  -41.741  -41.724  -41.723  -41.705  -41.705   -3.510   -1.099
   -0.396    0.147    3.682    4.895    5.525    6.446    6.591    6.680    6.686    6.784
    7.438    7.635    8.107    8.315    8.670    8.983    9.001   10.460   11.907   12.018
   13.490   13.594   13.630   14.089   14.123   15.200   16.259   16.324   17.003   17.604
            0.000000  0.042037  0.000000
  -75.604  -75.604  -41.741  -41.741  -41.724  -41.723  -41.705  -41.705   -3.517   -1.050
   -0.436    0.145    3.675    4.889    5.534    6.446    6.586    6.691    6.695    6.769
    7.426    7.684    8.106    8.250    8.677    8.989    8.997   10.472   11.932   12.030
   13.491   13.624   13.650   14.079   14.124   15.130   16.246   16.310   16.978   17.651
            0.000000  0.028025  0.000000
  -75.604  -75.604  -41.741  -41.741  -41.724  -41.723  -41.705  -41.705   -3.522   -1.011
   -0.469    0.143    3.670    4.885    5.541    6.446    6.582    6.695    6.705    6.759
    7.417    7.729    8.105    8.193    8.682    8.993    8.994   10.482   11.950   12.038
   13.492   13.620   13.696   14.072   14.124   15.075   16.237   16.299   16.959   17.691
            0.000000  0.014012  0.000000
  -75.604  -75.604  -41.741  -41.741  -41.724  -41.723  -41.705  -41.705   -3.524   -0.985
   -0.492    0.142    3.667    4.883    5.544    6.446    6.580    6.697    6.712    6.753
    7.412    7.763    8.105    8.151    8.685    8.992    8.996   10.487   11.960   12.043
   13.492   13.617   13.725   14.067   14.125   15.040   16.231   16.292   16.946   17.719
            0.000000  0.000000  0.000000
  -75.604  -75.604  -41.741  -41.741  -41.724  -41.723  -41.705  -41.705   -3.525   -0.976
   -0.500    0.142    3.666    4.882    5.546    6.446    6.579    6.698    6.714    6.751
    7.410    7.776    8.105    8.135    8.686    8.992    8.997   10.489   11.964   12.044
   13.493   13.617   13.736   14.066   14.125   15.027   16.229   16.290   16.942   17.730
            0.000000  0.000000  0.022522
  -75.604  -75.604  -41.741  -41.741  -41.724  -41.723  -41.705  -41.705   -3.523   -0.976
   -0.498    0.143    3.669    4.883    5.547    6.443    6.561    6.714    6.717    6.737
    7.416    7.778    8.105    8.131    8.684    8.989    8.994   10.476   11.954   12.047
   13.485   13.619   13.737   14.079   14.107   15.039   16.240   16.262   16.975   17.754
            0.000000  0.000000  0.045044
  -75.604  -75.603  -41.741  -41.740  -41.724  -41.723  -41.705  -41.705   -3.516   -0.975
   -0.494    0.145    3.677    4.886    5.553    6.436    6.522    6.699    6.714    6.757
    7.431    7.783    8.105    8.117    8.678    8.983    8.985   10.439   11.924   12.054
   13.460   13.625   13.740   14.057   14.119   15.071   16.114   16.356   17.056   17.806
            0.000000  0.000000  0.067566
  -75.604  -75.603  -41.741  -41.740  -41.724  -41.723  -41.705  -41.705   -3.505   -0.975
   -0.487    0.149    3.690    4.890    5.561    6.423    6.476    6.641    6.715    6.804
    7.453    7.790    8.093    8.105    8.669    8.970    8.973   10.379   11.878   12.065
   13.415   13.633   13.744   13.990   14.185   15.125   15.951   16.500   17.160   17.846
            0.000000  0.000000  0.090088
  -75.604  -75.603  -41.741  -41.740  -41.724  -41.723  -41.705  -41.705   -3.490   -0.975
   -0.478    0.155    3.709    4.896    5.573    6.405    6.429    6.568    6.716    6.853
    7.477    7.801    8.060    8.106    8.656    8.950    8.958   10.299   11.818   12.079
   13.345   13.642   13.746   13.922   14.277   15.196   15.773   16.684   17.281   17.848
            0.000000  0.000000  0.112610
  -75.604  -75.603  -41.741  -41.740  -41.724  -41.723  -41.705  -41.705   -3.470   -0.975
   -0.465    0.161    3.734    4.903    5.587    6.382    6.382    6.485    6.717    6.903
    7.501    7.813    8.017    8.106    8.640    8.925    8.940   10.202   11.749   12.095
   13.249   13.648   13.743   13.861   14.394   15.284   15.591   16.896   17.412   17.829
            0.000000  0.000000  0.135132
  -75.604  -75.603  -41.741  -41.741  -41.724  -41.723  -41.705  -41.705   -3.446   -0.976
   -0.450    0.170    3.764    4.910    5.605    6.334    6.355    6.395    6.719    6.954
    7.522    7.828    7.964    8.106    8.619    8.895    8.918   10.092   11.675   12.112
   13.131   13.650   13.734   13.812   14.537   15.384   15.412   17.129   17.532   17.826
            0.000000  0.000000  0.157654
  -75.604  -75.603  -41.741  -41.741  -41.724  -41.723  -41.705  -41.705   -3.418   -0.977
   -0.433    0.179    3.799    4.917    5.626    6.286    6.304    6.324    6.720    7.004
    7.540    7.843    7.903    8.107    8.593    8.862    8.894    9.973   11.598   12.130
   12.999   13.648   13.717   13.773   14.703   15.240   15.493   17.378   17.584   17.908
            0.000000  0.000000  0.180176
  -75.604  -75.603  -41.742  -41.741  -41.724  -41.723  -41.705  -41.705   -3.385   -0.980
   -0.413    0.189    3.839    4.923    5.649    6.213    6.239    6.290    6.720    7.054
    7.555    7.831    7.859    8.107    8.563    8.825    8.867    9.847   11.521   12.148
   12.858   13.640   13.691   13.739   14.892   15.077   15.609   17.565   17.637   18.081
            0.000000  0.000000  0.202698
  -75.604  -75.604  -41.742  -41.741  -41.724  -41.723  -41.705  -41.705   -3.348   -0.984
   -0.391    0.201    3.885    4.927    5.675    6.126    6.191    6.252    6.720    7.104
    7.565    7.751    7.874    8.107    8.527    8.786    8.837    9.718   11.446   12.165
   12.714   13.626   13.655   13.707   14.925   15.102   15.730   17.525   17.902   17.925
            0.000000  0.000000  0.225220
  -75.604  -75.604  -41.742  -41.741  -41.724  -41.723  -41.705  -41.705   -3.308   -0.989
   -0.366    0.213    3.936    4.927    5.704    6.047    6.144    6.211    6.719    7.152
    7.572    7.663    7.888    8.106    8.486    8.747    8.807    9.589   11.376   12.181
   12.570   13.606   13.610   13.676   14.786   15.332   15.852   17.482   17.684   18.169
            0.000000  0.000000  0.247742
  -75.604  -75.603  -41.742  -41.741  -41.724  -41.723  -41.705  -41.705   -3.263   -0.996
   -0.340    0.226    3.992    4.922    5.734    5.978    6.098    6.168    6.716    7.199
    7.567    7.575    7.900    8.106    8.438    8.708    8.775    9.461   11.310   12.197
   12.430   13.556   13.581   13.643   14.659   15.580   15.975   17.444   17.448   18.433
            0.000000  0.000000  0.270264
  -75.604  -75.603  -41.742  -41.741  -41.724  -41.723  -41.705  -41.705   -3.214   -1.006
   -0.311    0.239    4.052    4.911    5.766    5.922    6.052    6.122    6.711    7.245
    7.467    7.575    7.909    8.105    8.383    8.671    8.744    9.338   11.249   12.212
   12.295   13.494   13.550   13.608   14.546   15.844   16.099   17.218   17.413   18.688
            0.000000  0.000000  0.292786
  -75.604  -75.603  -41.742  -41.742  -41.724  -41.723  -41.705  -41.705   -3.162   -1.019
   -0.281    0.253    4.118    4.894    5.799    5.881    6.006    6.075    6.700    7.288
    7.363    7.571    7.913    8.104    8.321    8.638    8.713    9.219   11.194   12.165
   12.226   13.427   13.514   13.571   14.446   16.124   16.221   16.993   17.390   18.927
            0.000000  0.000000  0.315308
  -75.603  -75.603  -41.742  -41.742  -41.724  -41.723  -41.705  -41.705   -3.105   -1.034
   -0.249    0.267    4.188    4.871    5.832    5.855    5.961    6.027    6.683    7.260
    7.329    7.564    7.912    8.104    8.249    8.609    8.684    9.107   11.146   12.043
   12.240   13.356   13.473   13.530   14.358   16.344   16.417   16.775   17.375   19.038
            0.000000  0.000000  0.337830
  -75.604  -75.603  -41.742  -41.742  -41.724  -41.723  -41.705  -41.705   -3.046   -1.054
   -0.215    0.280    4.263    4.843    5.844    5.866    5.917    5.978    6.655    7.164
    7.367    7.554    7.905    8.103    8.169    8.587    8.656    9.003   11.103   11.927
   12.253   13.283   13.428   13.487   14.282   16.466   16.562   16.724   17.369   19.075
            0.000000  0.000000  0.360352
  -75.603  -75.603  -41.742  -41.742  -41.724  -41.723  -41.705  -41.705   -2.983   -1.078
   -0.181    0.293    4.341    4.813    5.848    5.873    5.898    5.929    6.610    7.080
    7.401    7.540    7.892    8.080    8.102    8.571    8.632    8.908   11.067   11.819
   12.266   13.210   13.379   13.441   14.217   16.357   16.588   17.040   17.372   19.114
            0.000000  0.000000  0.382874
  -75.603  -75.603  -41.742  -41.742  -41.724  -41.723  -41.705  -41.705   -2.916   -1.105
   -0.145    0.305    4.424    4.783    5.831    5.863    5.880    5.928    6.544    7.016
    7.432    7.524    7.873    7.982    8.102    8.562    8.611    8.820   11.036   11.719
   12.279   13.138   13.328   13.392   14.162   16.159   16.711   17.366   17.384   19.160
            0.000000  0.000000  0.405396
  -75.603  -75.603  -41.742  -41.742  -41.724  -41.723  -41.705  -41.705   -2.847   -1.138
   -0.109    0.316    4.510    4.756    5.789    5.831    5.889    5.954    6.459    6.972
    7.458    7.505    7.850    7.878    8.102    8.559    8.594    8.740   11.011   11.626
   12.292   13.068   13.275   13.341   14.117   15.969   16.834   17.405   17.700   19.216
            0.000000  0.000000  0.427918
  -75.603  -75.603  -41.742  -41.742  -41.724  -41.723  -41.705  -41.705   -2.775   -1.175
   -0.072    0.325    4.597    4.738    5.749    5.785    5.923    5.972    6.360    6.945
    7.480    7.484    7.767    7.824    8.102    8.560    8.582    8.668   10.991   11.541
   12.306   13.002   13.222   13.289   14.082   15.786   16.959   17.434   18.040   19.282
            0.000000  0.000000  0.450440
  -75.603  -75.603  -41.742  -41.742  -41.724  -41.723  -41.705  -41.705   -2.701   -1.218
   -0.035    0.333    4.670    4.743    5.711    5.740    5.964    5.977    6.260    6.931
    7.460    7.498    7.652    7.795    8.103    8.564    8.574    8.601   10.976   11.464
   12.319   12.939   13.169   13.237   14.056   15.612   17.086   17.471   18.383   19.358
            0.000000  0.000000  0.472962
  -75.603  -75.603  -41.743  -41.742  -41.724  -41.723  -41.705  -41.705   -2.624   -1.265
    0.001    0.339    4.690    4.812    5.675    5.697    5.953    6.011    6.176    6.926
    7.433    7.513    7.535    7.766    8.105    8.541    8.569    8.571   10.966   11.394
   12.333   12.880   13.118   13.185   14.041   15.445   17.215   17.516   18.724   19.445
            0.000000  0.000000  0.495484
  -75.603  -75.603  -41.743  -41.743  -41.724  -41.723  -41.705  -41.705   -2.545   -1.317
    0.038    0.343    4.695    4.907    5.641    5.658    5.885    6.062    6.126    6.928
    7.405    7.417    7.524    7.737    8.108    8.485    8.569    8.579   10.960   11.331
   12.348   12.826   13.069   13.134   14.035   15.287   17.346   17.569   19.034   19.491
            0.000000  0.000000  0.518006
  -75.603  -75.603  -41.743  -41.743  -41.724  -41.723  -41.705  -41.705   -2.464   -1.374
    0.073    0.344    4.707    5.009    5.610    5.622    5.786    6.099    6.118    6.936
    7.299    7.374    7.532    7.709    8.111    8.434    8.572    8.588   10.958   11.274
   12.364   12.775   13.024   13.086   14.039   15.137   17.479   17.630   19.146   19.526
            0.000000  0.000000  0.540528
  -75.603  -75.603  -41.743  -41.743  -41.724  -41.723  -41.705  -41.705   -2.382   -1.436
    0.107    0.343    4.727    5.113    5.582    5.590    5.674    6.075    6.177    6.949
    7.184    7.341    7.538    7.682    8.117    8.388    8.577    8.596   10.959   11.224
   12.381   12.727   12.984   13.040   14.053   14.997   17.616   17.698   19.042   19.388
            0.000000  0.000000  0.563050
  -75.603  -75.603  -41.743  -41.743  -41.724  -41.723  -41.705  -41.705   -2.299   -1.502
    0.140    0.339    4.758    5.218    5.558    5.561    5.562    6.044    6.239    6.968
    7.073    7.307    7.543    7.658    8.124    8.345    8.583    8.603   10.964   11.180
   12.399   12.684   12.949   12.999   14.077   14.865   17.754   17.774   18.904   19.243
            0.000000  0.000000  0.585572
  -75.603  -75.603  -41.743  -41.743  -41.724  -41.723  -41.705  -41.705   -2.215   -1.571
    0.172    0.332    4.799    5.323    5.449    5.537    5.539    6.002    6.304    6.960
    6.998    7.271    7.548    7.637    8.133    8.307    8.590    8.609   10.971   11.141
   12.418   12.644   12.920   12.962   14.111   14.743   17.856   17.896   18.764   19.093
            0.000000  0.000000  0.608094
  -75.603  -75.603  -41.743  -41.743  -41.724  -41.723  -41.705  -41.705   -2.130   -1.645
    0.201    0.322    4.849    5.342    5.428    5.520    5.521    5.949    6.372    6.863
    7.022    7.234    7.553    7.617    8.144    8.273    8.598    8.613   10.982   11.107
   12.439   12.607   12.899   12.932   14.156   14.630   17.946   18.040   18.629   18.942
            0.000000  0.000000  0.630616
  -75.603  -75.603  -41.743  -41.743  -41.724  -41.723  -41.705  -41.705   -2.046   -1.721
    0.228    0.309    4.910    5.241    5.508    5.508    5.530    5.884    6.443    6.768
    7.053    7.197    7.559    7.601    8.158    8.243    8.604    8.615   10.995   11.078
   12.461   12.572   12.885   12.907   14.210   14.527   18.043   18.186   18.499   18.789
            0.000000  0.000000  0.653138
  -75.603  -75.603  -41.743  -41.743  -41.723  -41.723  -41.705  -41.705   -1.963   -1.800
    0.252    0.293    4.980    5.146    5.501    5.501    5.629    5.808    6.517    6.679
    7.087    7.160    7.566    7.587    8.174    8.217    8.610    8.615   11.011   11.052
   12.486   12.541   12.879   12.890   14.274   14.433   18.147   18.335   18.375   18.637
            0.000000  0.000000  0.675660
  -75.603  -75.603  -41.743  -41.743  -41.723  -41.723  -41.705  -41.705   -1.881   -1.881
    0.274    0.274    5.059    5.059    5.498    5.498    5.722    5.722    6.596    6.596
    7.123    7.123    7.576    7.576    8.194    8.194    8.613    8.613   11.030   11.030
   12.512   12.512   12.880   12.880   14.349   14.349   18.258   18.258   18.485   18.485
